IAD
[1010.0 1000.0 925.0 850.0 700.0 500.0 400.0 300.0 250.0 200.0 150.0 100.0
 70.0 50.0 30.0 20.0 10.0 -- -- -- -- --]
[2.0576000213623047 4.6296000480651855 4.115200042724609 6.68720006942749
 5.658400058746338 10.288000106811523 13.888799667358398 22.119199752807617
 26.234399795532227 28.806400299072266 29.32080078125 16.460800170898438
 14.91759967803955 7.716000080108643 13.888799667358398 18.003999710083008
 12.859999656677246 -- -- -- -- --]
[325.0 345.0 360.0 330.0 330.0 330.0 315.0 315.0 320.0 325.0 320.0 330.0
 340.0 85.0 75.0 65.0 65.0 -- -- -- -- --]
[2.0329835414886475 2.5184829235076904 -3.9461300373077393
 0.8852624893188477 0.7490682601928711 1.3619422912597656
 -10.349006652832031 -16.481752395629883 11.232400894165039
 28.461769104003906 12.55385971069336 2.179107666015625 -9.701075553894043
 1.3585995435714722 5.38582181930542 -14.886222839355469
 -10.633016586303711 -- -- -- -- --]
[0.31732651591300964 -3.884641408920288 1.1674455404281616
 6.628345012664795 5.608599662780762 10.197453498840332 -9.262657165527344
 -14.751639366149902 -23.708162307739258 4.44257116317749
 -26.497358322143555 16.31592559814453 -11.332427024841309
 7.595450401306152 -12.802018165588379 10.126419067382812 7.233156681060791
 -- -- -- -- --]
